OORRIGENDA.

4440. 4444. 1000· 400. No. ieyo:
9 499 Dioscuridis 409 9779 90114000400144010041444ι04001904-
7 900 peponi 440400000440440-4401000404)

0 corioni. fii. 400 90441044

- 949 4494 407 004.14.140.411,044;999, 9040144010.
-— 949 elementer 499 9999 9999

49 979 soiiubert¹ Biogrophion. ii. - 9990 {-)

- 999 1300014440 440 9979 [-)

99 999 wigano 119 9999 (-)

04 000 Meno 444 0440 44007οο40οο00υο

99 999 44000040 494 9999 140000

- 994 90 p. 499 9449 4000440440

” 09 940 90044400 494 9794 4000944400

94 9044001 90000040 199 9997 14044900
90 4047-49 90444014, idern qui Borch 499 9999 1409400140

p. 00. - 0040 4000-00
99 14400Ι 91044400 449 4049 1740100. 4994.
49 4949 4904100 449 ,4909 90000000040440 ”
49 4999 74000-40040040 497 4479 1; 914 4041.,091“044.
- 4999 9000004 404 4999 Bubus
40 4999 91044000 409 4799 ...41οΡ0440. p. 99-144.
47 4999 (-) - 4799 04494.479400444’4404.·94114004.
90 0044044410 4. 9004400044 0411. 8400040144.
oi 4741 1999-19 44).1899-99. 440449.
74 4999 00000440 499 [0044410944. Friedrich, 940400-
79 040144014οὼ , 00410900004041041.
74 9907 4797-4970, 479 4909 4000004010
rs 0400 soporum iri 4004 4400-04.
81 9994 Ed.ii.ib. 1991, 476 9973 1899
99 9999 xxix. mensis 497 9994 4000. 1-111, 401. 99 0., 94 iob.
97 Coili, 140971. 910414014 199 (701.4140417474.490144041094000,
99 9997 (9094010440. Abi ,10000444 494 9949 moysi
90 90041400 9100400 -90444004410 - 9947 moys
91 9499 500900040044. 1999 199 9999 ’4000104 444110. 1991. 9. 440,
00 0400 (-) 004 p.
99 9497 0004444 999 9999 1104001. 1899.
- 9474 41040 914 9947 9400490409
97 9979 reso-oi. 949 9199 04040444040440044400

949 9490 4000010400

Pau. No. 100οσ

999 9949 90100404

994 0999 Colocynihide

994 91040114 Professor zu Paria

999 9404400 Professor in Liiiiioii

- 4404400 0479 (ride 4499).

000 0004 (-)

999 0700 1444400400

- 0799 Pyrenomyoeies germanici. iiie
iiernpiize 900400910049.

999 0799 De 90004100000140

- 0799 9400400100. 940004.

997 9997 DeMemeoyleis

940 7409 9400000040014400440

947 7499 9400144074, 94000000

949 Coi. 11. 440. 449411. 9400140, 404104 440-
0004400 (44010440 44444004)

999 7999 Die Aigeniioro

979 7901 4040000409

990 9494 4400444440 jore 4444444004, 0444 it.

994 9979 91000

000 0004 (-)

999 9709 cathartico

999 9994 900440

997 9997, 4949

919 91114 090449

949 9949 agricolis

999 Treviranus¹ 9041011 Christian,

999 9490 denominate

- 9919 machinetis

999 Col. 11. iin. V. 44094404

990 9909 Nepai

944 40049 94440000

994 19997 4044040441

994 40409 Lupinus‘

99019909 4410049040

99740994 4040000409

99919999 Pisum

949 90111409449144. 440000

 

