cle. 31. Anulis

18104400,11040018040080148. 100000 4844. 8.
Galilaea, catalogue 04 010048 048000040. 100000 4844. ll.
8884480, 804800 04 8400040. 4844. 8.

5011

cll. 35. sclitolntlll

Bastetanae, 8414180 Hieracis. 4854. 8.
8404440840, 11040 veclensis. London 4854. 8.
Sl. Brodp, Flore 0414188400. Wesloo 4854. 8.

8010044080444440404400410044400844, catalogue ot 8414180 010048, lidio· 18 4184481184, 11048 000010148 08 8044000018 84 0403184800. 44400-

00400 4844, 8.

801404οζ64140088001404044, vegetation 04408 00484 11εο41088. 1101000430

1840144044, 4 11040 04 5040080148. 100000 4844. 8.

8000480401, 41808 0400440480 catalogue 01 8414180 010018. 100000

88044144, 110413400010 Britannica. 100000 4844-44. 8.

11044480, 4 4000001 04 408 8411180 41308. 100000 rata. 8.

84040444 000 8001440400, 801000 01 408 0004044000 104884. 40
Polior. 1080184040 ete. 100000 tals. 4.

(Contenti) catalogue 04 010048 04414804-8414010. 100000 4844. gr. 8.

1100404000, 11804810840030400 11011. 01000088484 4848. 8,

11048044, 100 3800400010οΙ 018441004100 04 8414180 planis, Ed. 111.
100000 4848. 8.

8001004044, 4400001 0411411180 004000. 100000 4848. 8,

1888, 100 004000 01 4148 1110144840 llills 810. 100000 (4848), 8.

44044484, 11010401 0184040 04 108 000040 04 84041040. 100000 4844. 8,

8001040044, 804801001 30108 04 (1084000040. (3080800004 4844. 8.

1044008400, 11040 04 80841000. 40040000 4845. 8. ’

48444484, 11040 04 100041030 1181181000οο (iliis). 8.

104084, 108 001001848 Guids 404 Corlr. (Conlributions .. 4845. 8.)

1000044, ,4. 11,8414180011041044848.100000 4845. 4.

11088044, 4 0184040 044148 8414180 4488040484 41308. 100000 4845. 8.

10444411, 1003408808 04 Britain. Edioburgh 4845. 34. 8.

1400440444, Natural illustratione 01408 84141814 grossos. 1000. 4844. 4.

Fortes. 108 connexion between 40810000 80011040 04 408 8414180
1080100000 4848. 8.

4104080, 8000010310 8414000108. 100000 tlte-st. 4.

Knopp, Tha botanical 014044 04 8414180 010048. 80414 lats. 8.

1000044, 84141814 44410-11044848. 100000 4848. 4.

10814180 11040. 800110 4847. ta.

1104084,1104010000400818. 1104083048 4847. ta.

4014448044, opuscula. 1000101 4847. t.

848848, 8000οο014 0111810-004800.1)00110 4847. 8.

41048044, 80081884140001004 04 84114814 010048 4400 414814 3803400141-
881401041008. 100000 4847-48. 8.

10041800, ll, Phaenogamous 010048 04 4140048411010. 1000. 4848. 8.
Moore, 14,1141418018408. 100000 4848. 8.

8004ἶ4,ό1104448ἔο433 glanis, 48408, 44408888 00001008 01010001488184.
00 00 . .

0044044. Populea 11810 804000. 100000 4848. 8.

curten, 11040 810084180818. 100000 4848. 8.

141400, 11040 04 18100848480148. 100000 4844. 8.

Preti, 1104484103 planis 40040408 014148048411010, 100000 4854. 8.
110148, 1., 1081018 0418130. 100000 4854, 8.

uterinam, 11040 01 114840001, 100000 4844. 8.

80144400, 11040 04 804480. 100000 4848. 8.

8044444844, Wild 11044048 04408 800848008. 100000 4 858. 8.
1014004044, 1104000 04408 11084840 0040848100000 4858. 8.
448400140400, Planta 04 40840480. 40840800 4888. 8.

840848, 11040 8418101180818. 100000 4854. 8.

8444414, 1004104 0184040 04 84141800108808, London 4854. 48.
14004000, 8., 1100080038 040003 44110 11044848. 100000 4844. ts.

80148οὲ80), {lia 4104484103 01004 000 18408 04 Grani 8414010. 100000

440048, 14, Populea history ottho 84141814 18408. 100000 4855. 8.
neore, 14, 10818408 04 84804 8414010 000 1481000. 1000, 4854. 401.

0088 4847. 8.
1114400800, 1118808 000 44110 41044848100000 4888. 8.
14444448, illustratori 0000000101 4008414180 010048. londoniense.
troius, 8414180 010048100οο0 4848. 8.
1184481040, 11040 04 80410114. 100000 4864. 8.
8004404044, 11040 04 Cambridgeshire. 100000 4884. 8.

40444800, ct.. 84111814 44110 11044848. 100000 4844. 8.

84040, Gulda 4040840880, 88011 000 1110004οἰ08. 40840880 4844. 8.
80408400, 8414180 44110 4104848. 100000 4884-45. 8.

8844410444, 00411088 104400404040 10 10001 Floras. 100000 4884. s.
440048, 14, 108 0010 004004848 (1004000100, London 4840. 8.
80408400, 11881441 010048 04 Grani Britain. 100000 4888. 8.

liliati, 11040 04 408 wast 1110103. 100000 4841. 8.

41104044, 11048 04 Esses. 100000 4848. 8.

1441014, 11040 0410418008. 100000 4888. 8.

8484084, 11040 04804480. London 4 853. a.

Batsour, liora 04 1101000430. 8010140400 4848. 8.

14884044, 11040 04 010410040030. 100000 4848. 8.

41101418,11040 04 1118484. 8844084 4888. 8.

14444484, 11040 04 1110018804. 100000 4468. 8.

1048, 11040 8814084180818. 8814084 4868. 48.

Baiter, 4.,1104401041480148.100000 4888. 8.

41410000, 8414180 000 gurdon 004000. 100000 4844, 8.
14044800, 8., 140000848808. 100000 4844. 8.

linter, 4., 8841044 04 408 8414180 808881100084811810 4844. 8.
10840114,11040 041104404. 100000 4844. 8.

88444040, 8414180 11040. 100000 laos. 8.

14140844,11040 0411041011140444100 4804. ts.

1104884,11040 01 1111180148. 100000 taso. 8.

8004004044, 8414180804000.100000 4887, 8.

tolosan, 04, 108 088401 010048 01648848414010. 100000 4887. 8.
10408, E. 4., 004 004148 18408. 100000 4847. 8.

Kepos, 11044 04 80400 000 4304044011. 1104004410 4847. 8.

1888, 804000 04 00144840 01118. 11014840 4888. 8.

14144844,11040 04 0110018884. 100000 4888. 8. ,
8004440400.108 8414180 liubi. 100000 4848. t!

10408, 1104010 salvagius. London 4848. 8.

41001484, 8400004811040. 100000 4874. 8.

11848044, ll, compendium ol 400 Cybele 8414000108. 1000. 4874. 8.

(lep. 85. 11040 80844010ον1οο
(tianius, Norvegica‚ 8000100).

1104084448440 (0 asta), 1100814 10438003. 4100800040 4888. 8.
Fronte, Speculum 0040010040. 00801108 4488. 4. -10, 4488. 4.
100414, 11048 1100100.11]00800040 4448. 4.

14414844, lodex plantarum 01400 8104081840. impr. oum 8044004104
Cista 0480100. 0040108 4448. 8. p. sis-ss.

8414084184, 10000010. 14000010441 4878. 4.
10414440, viridarium Dauieum. 11040108 4888. 4.
8400481400, Chloris Gothico. 8040000434 4484. 8.

440οὅ01811404407ῗο040400 8448 1000010 illustrata. (1404 084 8010004040,
08008 . .

 

